85	16/07/2009	6	35	38	48	58	76	26	79
84	14/07/2009	33	35	47	51	62	89	5	74
83	11/07/2009	8	21	32	33	60	69	48	64
82	09/07/2009	7	29	57	60	79	87	84	11
81	07/07/2009	41	44	55	56	68	79	40	17
80	04/07/2009	6	35	53	67	75	89	2	66
79	02/07/2009	12	13	38	46	47	72	5	17
78	30/06/2009	12	19	24	51	56	78	3	87
77	27/06/2009	29	56	66	77	88	89	45	39
76	25/06/2009	23	36	38	52	62	63	43	81
75	23/06/2009	2	3	37	38	58	59	24	53
74	20/06/2009	1	7	38	58	62	78	79	74
73	18/06/2009	15	27	31	52	74	77	54	46
72	16/06/2009	6	14	39	47	63	82	74	61
71	13/06/2009	8	19	25	73	76	84	33	78
70	11/06/2009	4	10	24	59	72	83	47	15
69	09/06/2009	14	17	39	47	58	85	61	45
68	06/06/2009	8	14	16	18	56	60	69	20
67	04/06/2009	7	57	60	67	69	90	14	22
66	03/06/2009	32	33	37	43	44	79	74	71
65	30/05/2009	1	13	17	31	58	62	74	2
64	28/05/2009	5	27	37	63	67	77	75	49
63	26/05/2009	6	33	35	64	66	77	85	50
62	23/05/2009	9	25	29	43	48	54	65	12
61	21/05/2009	11	14	17	24	39	48	64	15
60	19/05/2009	36	55	62	66	81	85	9	33
59	16/05/2009	39	50	55	57	78	82	81	52
58	14/05/2009	1	22	41	69	73	89	39	54
57	12/05/2009	4	9	22	23	47	73	45	2
56	09/05/2009	9	11	40	48	68	84	6	47
55	07/05/2009	31	43	67	69	76	80	1	67
54	05/05/2009	7	12	19	43	71	77	44	36
53	02/05/2009	2	25	31	38	45	84	24	62
52	30/04/2009	28	64	65	77	85	89	47	22
51	28/04/2009	11	12	32	55	72	87	88	36
50	27/04/2009	7	40	54	64	69	71	67	70
49	23/04/2009	24	29	40	71	74	78	21	57
48	21/04/2009	19	22	26	59	61	71	57	88
47	18/04/2009	20	46	48	62	71	86	44	80
46	16/04/2009	3	9	17	38	54	62	64	28
45	14/04/2009	2	5	20	43	64	83	66	4
44	11/04/2009	6	34	59	61	83	90	53	60
43	09/04/2009	2	23	36	62	75	79	48	21
42	07/04/2009	3	37	54	65	87	89	58	16
41	04/04/2009	2	3	4	27	34	42	59	55
40	02/04/2009	3	12	16	30	84	89	18	3
39	31/03/2009	2	4	16	20	29	53	65	16
38	28/03/2009	1	10	55	61	72	77	30	75
37	26/03/2009	13	21	70	71	72	85	82	12
36	24/03/2009	1	9	11	21	36	47	29	20
35	21/03/2009	4	39	43	59	74	90	30	26
34	19/03/2009	1	39	40	52	54	64	37	38
33	17/03/2009	3	38	44	50	53	70	22	64
32	14/03/2009	10	15	46	51	65	75	29	17
31	12/03/2009	2	10	19	36	78	90	83	6
30	10/03/2009	33	57	63	65	78	88	55	79
29	07/03/2009	4	14	45	53	77	84	69	57
28	05/03/2009	29	36	37	40	70	75	7	40
27	03/03/2009	20	39	42	45	74	77	81	12
26	28/02/2009	6	26	56	65	69	82	19	14
25	26/02/2009	10	19	25	35	51	73	66	56
24	24/02/2009	33	38	47	67	68	81	51	90
23	21/02/2009	6	39	40	41	50	54	2	34
22	19/02/2009	28	30	32	33	34	52	14	17
21	17/02/2009	17	20	63	78	82	85	42	78
20	14/02/2009	7	32	43	50	68	73	31	13
19	12/02/2009	3	24	31	32	61	85	17	4
18	10/02/2009	11	18	47	80	89	90	70	9
17	07/02/2009	8	23	58	61	76	79	90	71
16	05/02/2009	7	18	27	33	35	43	28	56
15	03/02/2009	11	13	17	49	51	61	8	13
14	31/01/2009	1	3	8	38	83	88	16	85
13	29/01/2009	27	32	55	65	76	86	60	51
12	27/01/2009	20	31	44	51	65	74	71	66
11	24/01/2009	2	4	13	23	28	68	49	13
10	22/01/2009	1	2	40	52	67	82	23	78
9	20/01/2009	19	35	49	52	75	79	41	7
8	17/01/2009	13	17	25	55	64	85	11	36
7	15/01/2009	8	15	24	25	44	55	86	76
6	13/01/2009	9	14	21	55	66	90	4	28
5	10/01/2009	2	15	35	54	60	78	27	64
4	08/01/2009	14	23	24	41	71	73	63	33
3	07/01/2009	14	31	35	40	50	66	68	16
2	03/01/2009	17	24	25	40	58	64	27	51
1	02/01/2009	16	19	29	34	48	64	53	34
157	30/12/2008	23	32	38	40	51	71	48	52
156	27/12/2008	8	25	31	65	87	90	28	1
155	24/12/2008	17	32	33	50	61	82	67	56
154	23/12/2008	30	45	66	69	75	80	63	52
153	20/12/2008	12	14	29	48	49	85	79	14
152	18/12/2008	9	26	29	31	58	70	21	43
151	16/12/2008	17	20	48	62	85	90	69	39
150	13/12/2008	28	32	45	61	63	76	43	11
149	11/12/2008	40	60	68	72	84	89	90	65
148	09/12/2008	1	38	47	50	58	65	22	45
147	06/12/2008	30	46	54	56	72	86	22	85
146	04/12/2008	17	44	49	60	66	81	74	34
145	02/12/2008	8	9	17	33	80	86	22	6
144	29/11/2008	2	3	22	46	61	80	49	68
143	27/11/2008	27	28	46	48	52	70	71	60
142	25/11/2008	19	48	61	73	81	83	22	73
141	22/11/2008	7	30	45	50	55	74	60	17
140	20/11/2008	25	39	43	46	59	67	75	72
139	18/11/2008	3	4	7	44	52	89	47	46
138	15/11/2008	5	7	13	40	52	84	37	21
137	13/11/2008	15	17	24	31	80	86	52	48
136	11/11/2008	6	10	22	48	61	65	58	70
135	08/11/2008	3	31	33	37	52	54	17	42
134	06/11/2008	24	26	31	39	49	81	89	29
133	04/11/2008	6	28	32	39	57	85	47	51
132	03/11/2008	16	21	33	42	52	66	19	75
131	30/10/2008	2	25	26	41	55	75	59	15
130	28/10/2008	5	9	50	80	82	88	89	18
129	25/10/2008	13	16	28	32	71	85	78	67
128	23/10/2008	7	20	21	74	75	81	33	10
127	21/10/2008	4	47	76	78	81	86	6	49
126	18/10/2008	8	25	33	48	58	90	53	63
125	16/10/2008	1	20	22	23	61	82	70	58
124	14/10/2008	11	14	43	46	61	70	82	73
123	11/10/2008	7	9	35	61	67	68	53	26
122	09/10/2008	4	19	20	24	44	55	80	80
121	07/10/2008	16	21	24	60	66	79	82	44
120	04/10/2008	31	58	80	81	88	89	65	79
119	02/10/2008	2	41	59	68	74	86	31	56
118	30/09/2008	5	34	43	53	71	78	73	28
117	27/09/2008	3	16	20	55	60	80	52	10
116	25/09/2008	25	51	53	72	77	81	83	19
115	23/09/2008	8	22	31	39	58	63	42	48
114	20/09/2008	7	12	36	73	77	85	1	80
113	18/09/2008	15	18	21	57	59	61	19	56
112	16/09/2008	21	30	32	41	47	67	49	24
111	13/09/2008	28	38	41	58	67	80	85	79
110	11/09/2008	27	31	35	53	54	78	45	27
109	09/09/2008	1	3	20	43	51	78	12	83
108	06/09/2008	2	22	33	42	52	71	72	86
107	04/09/2008	1	6	11	27	65	80	21	39
106	02/09/2008	6	29	30	78	81	88	26	27
105	30/08/2008	24	26	33	36	38	73	74	29
104	28/08/2008	18	19	36	39	58	88	53	16
103	26/08/2008	7	23	28	50	80	87	27	63
102	23/08/2008	21	31	37	64	75	88	41	27
101	21/08/2008	2	4	11	37	62	75	19	25
100	19/08/2008	5	7	13	33	66	79	84	27
99	16/08/2008	7	10	35	64	77	89	21	83
98	14/08/2008	8	19	30	32	52	75	85	79
97	12/08/2008	12	24	26	50	65	69	51	51
96	09/08/2008	2	11	21	23	39	47	72	31
95	07/08/2008	19	30	52	66	70	82	84	33
94	05/08/2008	1	30	36	37	60	88	27	28
93	02/08/2008	35	49	68	71	82	85	31	48
92	31/07/2008	20	67	71	81	84	88	7	27
91	29/07/2008	14	28	37	47	53	57	88	23
90	26/07/2008	6	44	66	68	77	86	20	17
89	24/07/2008	15	17	25	39	57	58	24	18
88	22/07/2008	35	49	56	78	87	90	10	59
87	19/07/2008	4	33	34	44	52	63	27	53
86	17/07/2008	8	28	34	63	86	90	15	89
85	15/07/2008	21	40	57	60	61	68	9	68
84	12/07/2008	16	26	31	67	74	82	18	74
83	10/07/2008	11	22	39	52	55	63	24	6
82	08/07/2008	1	26	49	74	82	87	81	74
81	05/07/2008	9	69	70	72	77	81	39	1
80	03/07/2008	19	32	41	42	64	65	75	81
79	01/07/2008	1	38	54	63	66	74	13	22
78	28/06/2008	6	19	25	42	48	52	56	57
77	26/06/2008	4	12	35	61	66	84	79	75
76	24/06/2008	13	25	54	56	57	58	31	15
75	21/06/2008	8	16	42	64	72	74	53	74
74	19/06/2008	18	31	47	59	75	80	79	73
73	17/06/2008	8	11	14	39	46	51	57	2
72	14/06/2008	3	6	20	46	50	80	86	2
71	12/06/2008	10	15	17	57	65	80	1	47
70	10/06/2008	4	62	67	69	70	84	23	31
69	07/06/2008	10	26	53	66	70	78	75	64
68	05/06/2008	13	22	40	41	51	86	6	26
67	03/06/2008	2	26	30	32	63	89	56	82
66	31/05/2008	8	16	39	63	84	86	34	48
65	29/05/2008	7	30	40	58	75	79	84	78
64	27/05/2008	7	10	50	51	80	85	60	46
63	24/05/2008	6	16	28	32	43	90	73	27
62	22/05/2008	22	63	66	73	81	90	47	43
61	20/05/2008	40	42	57	62	67	88	3	49
60	17/05/2008	8	53	65	66	80	87	3	20
59	15/05/2008	7	31	38	57	84	87	86	71
58	13/05/2008	28	33	39	40	80	89	82	12
57	10/05/2008	1	4	25	44	82	89	23	50
56	08/05/2008	8	29	33	47	52	56	59	19
55	06/05/2008	7	71	72	75	80	90	85	55
54	03/05/2008	8	38	39	52	64	70	73	39
53	02/05/2008	36	38	40	51	53	71	8	58
52	29/04/2008	28	33	42	54	76	79	68	62
51	26/04/2008	56	64	72	81	83	86	32	25
50	24/04/2008	36	43	47	49	84	89	51	25
49	22/04/2008	18	54	62	80	88	90	24	58
48	19/04/2008	22	29	30	32	41	52	42	7
47	17/04/2008	8	14	36	71	74	87	18	29
46	15/04/2008	2	25	28	31	46	59	22	25
45	12/04/2008	5	34	55	58	74	90	8	33
44	10/04/2008	34	54	72	76	79	85	78	10
43	08/04/2008	12	21	49	51	56	74	8	76
42	05/04/2008	29	51	52	62	72	79	34	43
41	03/04/2008	9	37	40	61	69	84	35	36
40	01/04/2008	5	9	53	57	61	84	78	2
39	29/03/2008	1	17	33	34	46	62	3	17
38	27/03/2008	11	34	46	58	77	82	50	27
37	25/03/2008	8	36	75	76	79	83	65	58
36	22/03/2008	30	37	47	72	85	87	71	34
35	20/03/2008	5	37	38	59	71	80	43	33
34	18/03/2008	27	36	38	41	71	84	6	37
33	15/03/2008	7	32	49	55	61	83	64	82
32	13/03/2008	50	61	62	71	72	74	59	9
31	11/03/2008	41	51	61	66	75	88	27	71
30	08/03/2008	4	12	21	39	59	83	64	63
29	06/03/2008	1	16	32	51	60	61	78	11
28	04/03/2008	12	32	54	63	64	85	62	77
27	01/03/2008	23	30	33	67	69	71	61	56
26	28/02/2008	2	5	6	56	58	73	3	38
25	26/02/2008	2	11	40	60	73	82	74	50
24	23/02/2008	11	13	25	62	76	80	18	54
23	21/02/2008	27	43	46	51	52	72	83	32
22	19/02/2008	2	18	35	53	60	66	32	45
21	16/02/2008	16	17	52	60	80	81	29	52
20	14/02/2008	4	18	30	69	73	74	78	52
19	12/02/2008	8	16	33	64	68	82	4	44
18	09/02/2008	2	3	13	23	30	70	85	72
17	07/02/2008	30	32	49	68	71	85	86	9
16	05/02/2008	22	28	75	78	83	87	13	84
15	02/02/2008	18	33	61	70	81	90	10	80
14	31/01/2008	7	14	26	34	45	77	83	34
13	29/01/2008	1	23	30	60	70	74	31	21
12	26/01/2008	15	17	25	31	85	87	82	57
11	24/01/2008	18	28	33	41	63	84	88	41
10	22/01/2008	7	18	19	56	66	71	26	20
9	19/01/2008	10	23	31	35	61	87	81	15
8	17/01/2008	4	15	21	35	59	73	70	76
7	15/01/2008	12	50	55	62	67	88	29	1
6	12/01/2008	8	9	52	77	82	86	85	8
5	10/01/2008	23	25	30	44	51	68	58	21
4	08/01/2008	17	23	30	74	81	84	55	49
3	05/01/2008	16	30	68	75	83	86	15	25
2	03/01/2008	20	39	56	64	66	85	29	17
1	02/01/2008	16	38	40	69	84	90	60	14
156	29/12/2007	12	26	70	74	84	87	46	11
155	27/12/2007	6	13	19	37	67	72	49	1
154	24/12/2007	29	31	35	49	69	74	16	28
153	22/12/2007	3	14	30	50	66	87	47	48
152	20/12/2007	6	10	13	17	22	46	43	85
151	18/12/2007	28	29	33	35	65	80	69	7
150	15/12/2007	25	31	43	61	63	86	23	39
149	13/12/2007	12	20	22	39	55	72	15	52
148	11/12/2007	9	12	28	71	82	85	37	1
147	10/12/2007	5	13	28	30	42	63	84	66
146	06/12/2007	33	37	48	65	83	84	55	88
145	04/12/2007	3	10	40	54	69	85	43	13
144	01/12/2007	6	19	30	53	55	76	17	70
143	29/11/2007	17	41	42	43	66	76	8	46
142	27/11/2007	2	22	28	39	61	79	84	23
141	24/11/2007	26	37	53	81	86	90	31	60
140	22/11/2007	2	51	55	57	61	82	15	60
139	20/11/2007	1	18	30	34	65	75	31	45
138	17/11/2007	18	28	40	63	68	86	71	68
137	15/11/2007	4	9	69	74	76	85	86	11
136	13/11/2007	1	2	33	62	68	79	14	21
135	10/11/2007	6	39	50	52	54	88	51	49
134	08/11/2007	16	29	38	62	72	84	66	28
133	06/11/2007	13	18	32	46	55	78	59	66
132	03/11/2007	11	31	44	64	83	89	34	37
131	02/11/2007	29	31	51	60	72	73	69	50
130	30/10/2007	22	39	54	63	68	73	12	15
129	27/10/2007	7	19	39	42	56	57	18	73
128	25/10/2007	3	6	7	30	67	89	11	7
127	23/10/2007	1	10	26	62	71	90	43	32
126	20/10/2007	11	17	20	36	57	72	51	89
125	18/10/2007	2	24	51	55	62	81	53	27
124	16/10/2007	7	21	58	65	72	77	85	23
123	13/10/2007	12	41	42	44	80	86	37	46
122	11/10/2007	18	37	49	71	76	78	23	35
121	09/10/2007	7	9	17	51	57	78	87	20
120	06/10/2007	3	20	21	43	69	70	78	11
119	04/10/2007	3	17	33	51	77	87	16	42
118	02/10/2007	8	23	48	49	61	62	47	54
117	29/09/2007	8	11	17	20	21	80	64	35
116	27/09/2007	2	23	46	48	55	63	15	83
115	25/09/2007	10	14	18	22	48	68	38	24
114	22/09/2007	4	52	68	79	85	86	20	68
113	20/09/2007	10	20	24	38	49	87	77	48
112	18/09/2007	7	17	30	56	68	80	19	28
111	15/09/2007	10	30	57	64	72	75	49	3
110	13/09/2007	15	23	59	65	78	82	41	79
109	11/09/2007	3	4	19	39	73	78	80	5
108	08/09/2007	9	31	32	47	70	89	19	5
107	06/09/2007	9	16	22	25	26	70	64	63
106	04/09/2007	5	6	9	51	62	66	10	3
105	01/09/2007	1	35	37	39	57	84	67	31
104	30/08/2007	19	48	49	56	60	88	76	56
103	28/08/2007	6	18	36	75	81	83	72	75
102	25/08/2007	4	23	25	30	34	57	40	70
101	23/08/2007	8	46	49	55	80	87	64	67
100	21/08/2007	11	27	45	53	55	58	34	85
99	18/08/2007	1	25	60	67	87	88	75	14
98	16/08/2007	16	24	37	38	69	78	25	4
97	14/08/2007	14	19	44	52	60	71	57	18
96	11/08/2007	30	37	41	62	65	68	40	64
95	09/08/2007	34	39	57	62	79	83	13	3
94	07/08/2007	21	29	50	55	67	73	24	85
93	04/08/2007	41	46	64	71	84	87	81	22
92	02/08/2007	16	24	51	55	59	66	41	52
91	31/07/2007	12	38	65	72	83	84	31	61
90	28/07/2007	8	38	47	63	71	84	69	36
89	26/07/2007	20	22	36	68	81	87	52	55
88	24/07/2007	43	56	61	62	73	81	75	73
87	21/07/2007	18	62	64	69	75	81	3	6
86	19/07/2007	21	30	33	45	62	70	57	3
85	17/07/2007	23	31	62	65	69	89	49	46
84	14/07/2007	27	33	44	56	63	85	79	40
83	12/07/2007	1	35	51	56	68	79	63	7
82	10/07/2007	14	42	53	68	83	89	75	78
81	07/07/2007	32	45	69	77	83	87	19	3
80	05/07/2007	8	24	52	73	84	86	51	11
79	03/07/2007	19	23	39	54	79	87	42	43
78	30/06/2007	4	24	30	61	66	69	67	24
77	28/06/2007	3	20	47	52	83	90	75	22
76	26/06/2007	6	15	45	47	69	70	40	18
75	23/06/2007	15	42	65	68	70	90	46	40
74	21/06/2007	2	10	35	67	77	90	51	80
73	19/06/2007	1	2	26	41	65	80	37	27
72	16/06/2007	29	32	39	43	66	73	60	6
71	14/06/2007	12	42	44	46	52	86	25	34
70	12/06/2007	1	14	17	47	61	66	13	53
69	09/06/2007	5	19	20	26	53	54	56	23
68	07/06/2007	59	66	69	72	73	80	23	53
67	05/06/2007	1	9	13	29	71	83	56	41
66	04/06/2007	17	39	40	75	76	88	19	86
65	31/05/2007	7	21	36	38	77	79	17	18
64	29/05/2007	1	16	17	31	42	70	81	51
63	26/05/2007	5	31	62	63	68	78	2	47
62	24/05/2007	13	19	32	39	44	61	66	18
61	22/05/2007	1	44	67	77	88	90	79	31
60	19/05/2007	7	8	13	17	38	43	6	59
59	17/05/2007	10	36	63	75	79	85	49	44
58	15/05/2007	23	33	78	79	87	88	56	90
57	12/05/2007	25	46	48	52	57	81	3	6
56	10/05/2007	32	38	55	58	66	85	51	38
55	08/05/2007	14	30	33	35	58	76	82	77
54	05/05/2007	2	3	64	69	73	82	62	58
53	03/05/2007	1	11	20	66	69	88	35	3
52	02/05/2007	3	6	12	20	69	83	80	52
51	28/04/2007	7	15	16	21	37	60	52	58
50	26/04/2007	36	38	54	56	75	85	28	32
49	24/04/2007	8	36	40	45	67	79	84	40
48	21/04/2007	11	19	43	75	81	87	1	80
47	19/04/2007	28	30	65	74	77	83	40	88
46	17/04/2007	3	21	33	45	47	85	17	22
45	14/04/2007	3	46	64	71	78	87	4	64
44	12/04/2007	10	28	53	64	76	79	47	81
43	10/04/2007	8	30	39	66	69	78	70	54
42	07/04/2007	1	29	37	67	74	81	54	67
41	05/04/2007	2	17	60	77	85	86	21	71
40	03/04/2007	12	16	21	25	27	64	66	4
39	31/03/2007	42	70	74	78	82	87	23	41
38	29/03/2007	13	17	19	21	69	73	78	20
37	27/03/2007	35	36	43	46	69	75	47	17
36	24/03/2007	28	45	60	63	74	86	66	5
35	22/03/2007	23	32	34	72	80	83	22	86
34	20/03/2007	5	7	68	71	75	85	15	18
33	17/03/2007	10	43	55	56	81	87	69	35
32	15/03/2007	1	6	43	46	61	83	80	71
31	13/03/2007	13	46	48	76	81	83	35	70
30	10/03/2007	16	22	36	40	62	75	55	51
29	08/03/2007	5	27	43	50	75	90	54	59
28	06/03/2007	1	8	21	30	81	86	13	54
27	03/03/2007	6	32	50	57	59	61	68	29
26	01/03/2007	40	55	64	65	70	85	13	65
25	27/02/2007	6	20	58	59	65	88	90	78
24	24/02/2007	1	30	60	70	74	77	90	88
23	22/02/2007	28	44	51	72	81	90	16	74
22	20/02/2007	19	25	31	56	82	90	17	72
21	17/02/2007	40	41	62	65	89	90	25	89
20	15/02/2007	11	22	35	65	78	81	7	25
19	13/02/2007	4	29	70	82	86	88	8	2
18	10/02/2007	11	30	55	76	77	90	57	52
17	08/02/2007	3	9	33	61	65	85	11	83
16	06/02/2007	21	35	39	54	62	85	71	52
15	03/02/2007	3	12	32	43	51	58	13	44
14	01/02/2007	1	20	21	27	44	75	36	22
13	30/01/2007	1	23	38	50	60	77	39	57
12	27/01/2007	10	33	34	44	70	79	80	48
11	25/01/2007	4	6	26	28	53	64	42	90
10	23/01/2007	8	10	20	40	80	85	32	66
9	20/01/2007	18	47	55	64	74	89	23	17
8	18/01/2007	7	39	45	47	55	80	3	78
7	16/01/2007	1	11	24	33	36	80	15	3
6	13/01/2007	11	49	53	65	77	89	33	2
5	11/01/2007	6	27	59	71	85	90	72	70
4	09/01/2007	16	39	65	67	83	86	64	10
3	08/01/2007	3	45	49	53	58	77	48	46
2	04/01/2007	21	40	76	77	83	84	73	90
1	02/01/2007	42	47	55	57	61	79	72	65
156	30/12/2006	2	20	32	51	53	83	47	43
155	28/12/2006	15	43	45	66	74	87	86	70
154	27/12/2006	3	11	28	29	68	88	39	90
153	23/12/2006	8	13	16	17	49	68	15	13
152	21/12/2006	2	10	30	43	56	83	64	47
151	19/12/2006	10	19	32	44	56	76	15	50
150	16/12/2006	14	28	40	52	54	83	25	61
149	14/12/2006	1	31	48	75	78	81	28	59
148	12/12/2006	7	17	44	63	64	88	8	56
147	09/12/2006	21	23	28	48	49	54	65	7
146	07/12/2006	4	19	31	51	56	57	24	81
145	05/12/2006	3	12	22	65	77	84	4	27
144	02/12/2006	25	45	63	71	74	88	90	4
143	30/11/2006	1	31	51	73	77	88	89	53
142	28/11/2006	50	51	57	59	64	74	28	14
141	25/11/2006	1	2	4	44	75	80	33	30
140	23/11/2006	23	29	42	44	59	82	38	17
139	21/11/2006	2	3	35	41	48	88	5	1
138	18/11/2006	36	55	59	81	82	89	20	6
137	16/11/2006	36	42	46	51	72	84	65	62
136	14/11/2006	8	12	14	66	76	88	45	69
135	11/11/2006	22	36	40	44	46	76	30	69
134	09/11/2006	5	6	28	61	77	87	71	16
133	07/11/2006	10	27	42	72	75	87	44	49
132	04/11/2006	14	37	48	50	65	66	87	18
131	02/11/2006	2	4	5	9	22	75	79	31
130	31/10/2006	8	19	27	43	51	79	22	15
129	28/10/2006	15	29	50	57	79	88	84	61
128	26/10/2006	42	44	45	47	72	79	15	79
127	24/10/2006	4	25	43	45	71	90	52	85
126	21/10/2006	4	5	21	26	42	79	84	28
125	19/10/2006	34	36	44	50	71	80	85	83
124	17/10/2006	4	18	24	49	66	81	70	80
123	14/10/2006	12	37	38	42	79	82	60	12
122	12/10/2006	12	46	52	55	65	90	32	28
121	10/10/2006	6	13	34	52	63	83	16	10
120	07/10/2006	15	29	30	68	79	85	26	6
119	05/10/2006	4	40	60	71	72	90	21	53
118	03/10/2006	14	24	33	41	53	82	47	35
117	30/09/2006	3	47	63	66	67	69	56	90
116	28/09/2006	52	58	61	62	65	69	53	66
115	26/09/2006	6	9	10	20	60	83	81	16
114	23/09/2006	8	23	39	52	75	81	65	86
113	21/09/2006	2	8	27	30	35	87	21	29
112	19/09/2006	4	6	8	14	21	28	56	7
111	16/09/2006	14	34	35	37	41	61	31	46
110	14/09/2006	10	22	27	34	56	85	16	29
109	12/09/2006	8	22	36	43	76	77	23	88
108	09/09/2006	7	10	24	31	81	84	4	74
107	07/09/2006	1	3	29	63	72	85	55	49
106	05/09/2006	16	21	51	64	65	89	63	42
105	02/09/2006	26	33	35	45	54	61	10	61
104	31/08/2006	2	11	17	33	79	87	7	79
103	29/08/2006	46	49	50	57	68	69	14	90
102	26/08/2006	3	9	14	55	62	83	79	45
101	24/08/2006	3	27	29	46	47	61	15	24
100	22/08/2006	3	8	16	64	72	73	22	61
99	19/08/2006	6	59	77	81	82	88	61	74
98	17/08/2006	4	25	30	40	41	62	38	55
97	16/08/2006	8	25	28	57	71	72	83	66
96	12/08/2006	45	49	63	67	82	90	72	56
95	10/08/2006	6	9	42	48	81	87	63	84
94	08/08/2006	3	4	5	47	55	80	73	71
93	05/08/2006	5	11	21	49	54	84	66	69
92	03/08/2006	21	22	25	53	76	85	7	77
91	01/08/2006	31	37	45	52	74	83	70	19
90	29/07/2006	18	24	46	47	69	70	82	41
89	27/07/2006	26	34	68	82	83	87	42	71
88	25/07/2006	5	35	49	52	65	89	15	55
87	22/07/2006	12	37	46	54	58	79	90	40
86	20/07/2006	22	36	65	72	82	86	27	15
85	18/07/2006	3	27	30	38	43	60	50	13
84	15/07/2006	16	21	27	43	56	64	19	78
83	13/07/2006	15	46	47	67	73	90	51	32
82	11/07/2006	2	12	19	25	31	76	49	14
81	08/07/2006	4	49	54	73	79	83	29	8
80	06/07/2006	21	22	34	55	56	74	63	43
79	04/07/2006	20	45	59	75	84	90	85	20
78	01/07/2006	5	11	40	45	58	75	66	12
77	29/06/2006	27	28	56	67	75	86	79	70
76	27/06/2006	11	29	56	62	68	76	33	33
75	24/06/2006	5	11	24	26	49	68	13	54
74	22/06/2006	8	22	36	48	53	55	29	89
73	20/06/2006	22	26	51	63	64	73	17	37
72	17/06/2006	2	8	43	48	60	67	74	79
71	15/06/2006	6	27	39	43	62	84	67	12
70	13/06/2006	10	13	21	31	48	72	79	9
69	10/06/2006	9	10	63	73	79	90	2	62
68	08/06/2006	5	42	51	66	69	74	22	34
67	06/06/2006	29	31	41	44	64	73	1	46
66	03/06/2006	20	68	70	71	72	81	90	41
65	01/06/2006	18	33	51	66	87	90	5	16
64	30/05/2006	1	16	25	33	54	71	11	29
63	27/05/2006	5	11	33	51	82	85	19	1
62	25/05/2006	19	22	44	61	66	75	77	58
61	23/05/2006	30	36	39	68	71	80	38	78
60	20/05/2006	5	32	39	50	59	77	71	18
59	18/05/2006	1	63	67	71	75	79	28	78
58	16/05/2006	1	4	32	35	36	87	7	20
57	13/05/2006	11	31	38	50	59	62	7	56
56	11/05/2006	14	19	20	26	79	82	47	59
55	09/05/2006	16	23	40	62	79	88	42	89
54	06/05/2006	19	22	46	49	72	85	14	10
53	04/05/2006	11	18	37	52	62	77	59	19
52	02/05/2006	22	42	52	55	62	74	61	74
51	29/04/2006	12	22	53	54	60	77	28	7
50	27/04/2006	8	23	30	53	69	78	36	78
49	26/04/2006	13	18	47	51	60	64	11	36
48	22/04/2006	16	21	59	70	71	83	90	37
47	20/04/2006	32	35	44	58	82	90	52	42
46	18/04/2006	1	4	12	14	66	78	55	75
45	15/04/2006	10	11	13	37	81	84	3	63
44	13/04/2006	27	35	41	46	49	86	24	40
43	11/04/2006	16	19	44	60	76	89	79	49
42	08/04/2006	16	33	60	61	62	63	77	51
41	06/04/2006	13	19	60	61	83	90	10	6
40	04/04/2006	13	25	45	70	78	88	89	55
39	01/04/2006	15	30	33	37	62	78	55	23
38	30/03/2006	1	4	14	30	78	82	70	44
37	28/03/2006	24	25	33	42	57	89	20	68
36	25/03/2006	16	20	29	31	38	45	25	0
35	23/03/2006	10	41	53	62	65	76	26	0
34	21/03/2006	7	8	10	29	40	52	14	0
33	18/03/2006	41	43	52	59	73	82	87	0
32	16/03/2006	8	10	15	42	48	51	25	0
31	14/03/2006	15	20	32	43	45	54	81	0
30	11/03/2006	26	28	55	61	62	85	81	0
29	09/03/2006	10	12	15	51	66	68	60	0
28	07/03/2006	1	7	22	72	79	82	75	0
27	04/03/2006	17	27	29	31	44	46	51	0
26	02/03/2006	4	35	41	66	77	89	68	0
25	28/02/2006	3	21	63	81	87	89	4	0
24	25/02/2006	3	6	44	60	84	86	53	0
23	23/02/2006	17	26	70	76	82	90	72	0
22	21/02/2006	20	58	65	70	77	86	87	0
21	18/02/2006	34	40	42	64	77	88	48	0
20	16/02/2006	5	6	18	34	42	72	8	0
19	14/02/2006	8	44	47	60	66	77	83	0
18	11/02/2006	1	2	8	30	42	43	45	0
17	09/02/2006	7	33	38	51	53	67	57	0
16	07/02/2006	11	18	27	37	65	72	43	0
15	04/02/2006	13	22	43	50	70	76	14	0
14	02/02/2006	3	22	29	54	75	84	78	0
13	31/01/2006	34	38	53	60	72	88	18	0
12	28/01/2006	25	39	74	76	85	88	58	0
11	26/01/2006	9	47	59	73	79	88	18	0
10	24/01/2006	11	13	27	47	82	84	28	0
9	21/01/2006	7	37	44	45	53	68	57	0
8	19/01/2006	25	55	60	69	77	81	34	0
7	17/01/2006	26	27	31	69	78	85	67	0
6	14/01/2006	30	31	33	44	77	89	51	0
5	12/01/2006	26	30	38	55	69	75	11	0
4	10/01/2006	54	58	72	73	82	86	38	0
3	07/01/2006	43	45	80	81	83	86	77	0
2	05/01/2006	8	27	29	38	64	82	37	0
1	03/01/2006	13	14	22	24	46	81	70	0
133	31/12/2005	57	66	68	70	74	86	87	0
132	29/12/2005	3	4	17	20	23	54	43	0
131	27/12/2005	3	5	51	55	82	83	76	0
130	24/12/2005	26	47	49	66	86	88	44	0
129	22/12/2005	9	46	54	64	69	72	90	0
128	20/12/2005	1	17	31	39	49	71	7	0
127	17/12/2005	20	23	42	70	80	90	39	0
126	15/12/2005	6	26	42	51	60	79	47	0
125	13/12/2005	52	59	63	72	75	87	89	0
124	10/12/2005	20	27	28	46	64	85	68	0
123	09/12/2005	15	23	35	38	69	89	22	0
122	06/12/2005	18	38	43	57	73	88	67	0
121	03/12/2005	24	40	53	60	63	68	56	0
120	01/12/2005	22	30	43	56	69	78	66	0
119	29/11/2005	1	12	21	36	40	84	48	0
118	26/11/2005	23	30	32	41	48	64	78	0
117	24/11/2005	25	28	34	44	57	80	86	0
116	22/11/2005	4	16	31	54	70	87	27	0
115	19/11/2005	12	14	23	36	72	87	89	0
114	17/11/2005	20	26	30	39	40	55	73	0
113	15/11/2005	48	59	65	69	84	90	46	0
112	12/11/2005	11	16	54	56	57	82	41	0
111	10/11/2005	3	15	23	40	51	60	32	0
110	08/11/2005	1	13	14	25	72	86	4	0
109	05/11/2005	13	30	60	67	84	86	78	0
108	03/11/2005	9	13	17	47	63	81	77	0
107	02/11/2005	5	31	57	66	81	85	50	0
106	29/10/2005	3	6	21	24	37	48	13	0
105	27/10/2005	17	42	62	67	77	79	74	0
104	25/10/2005	17	39	48	55	57	85	15	0
103	22/10/2005	24	35	38	61	70	86	58	0
102	20/10/2005	7	48	53	59	70	76	63	0
101	18/10/2005	3	33	63	71	78	79	74	0
100	15/10/2005	13	27	46	68	79	83	32	0
99	13/10/2005	14	20	35	45	48	66	57	0
98	11/10/2005	10	25	35	83	87	90	5	0
97	08/10/2005	15	25	58	61	83	86	77	0
96	06/10/2005	5	11	13	55	66	71	25	0
95	04/10/2005	5	25	44	54	65	70	43	0
94	01/10/2005	44	56	63	71	79	90	88	0
93	29/09/2005	12	23	29	48	52	78	40	0
92	27/09/2005	12	33	49	58	69	75	55	0
91	24/09/2005	4	18	41	52	79	82	39	0
90	22/09/2005	18	28	34	46	66	82	90	0
89	20/09/2005	37	40	70	71	75	80	15	0
88	17/09/2005	13	14	20	22	44	88	1	0
87	15/09/2005	19	36	44	46	51	89	9	0
86	13/09/2005	18	21	24	28	74	77	13	0
85	10/09/2005	20	48	57	65	71	90	39	0
84	08/09/2005	42	64	79	84	87	89	6	0
83	06/09/2005	13	22	31	54	55	87	29	0
82	03/09/2005	3	11	26	36	45	75	1	0
81	01/09/2005	9	12	20	55	69	81	64	0
80	30/08/2005	10	29	53	73	78	83	16	0
79	27/08/2005	11	14	17	35	43	70	54	0
78	25/08/2005	7	15	33	40	51	64	17	0
77	23/08/2005	7	22	33	48	86	87	39	0
76	20/08/2005	24	34	56	72	79	88	18	0
75	18/08/2005	3	15	49	65	70	72	63	0
74	16/08/2005	18	22	28	33	57	71	64	0
73	13/08/2005	7	8	33	39	48	84	23	0
72	11/08/2005	3	49	68	73	76	80	70	0
71	09/08/2005	3	8	13	28	50	61	38	0
70	06/08/2005	1	4	22	24	38	46	61	0
69	04/08/2005	24	37	64	81	84	90	74	0
68	02/08/2005	24	34	64	66	68	72	65	0
67	30/07/2005	25	28	29	54	74	88	2	0
66	28/07/2005	8	18	25	38	41	43	4	0
65	26/07/2005	3	17	43	54	75	79	76	0
64	23/07/2005	41	48	66	81	86	87	50	0
63	21/07/2005	2	7	16	26	34	80	23	0
62	19/07/2005	2	15	39	57	62	73	75	0
61	16/07/2005	8	22	28	36	74	85	79	0
60	14/07/2005	8	14	41	55	83	85	7	0
59	12/07/2005	5	24	28	41	51	73	29	0
58	09/07/2005	2	13	18	51	52	55	64	0
57	07/07/2005	17	21	40	55	64	79	86	0
56	05/07/2005	33	39	49	57	76	80	53	0
55	02/07/2005	1	19	23	50	74	77	18	0
54	30/06/2005	6	27	42	49	82	86	69	0
53	28/06/2005	6	8	49	60	72	74	89	0
52	25/06/2005	4	8	38	60	82	89	88	0
51	23/06/2005	9	24	56	68	80	86	14	0
50	21/06/2005	10	13	45	51	65	88	43	0
49	18/06/2005	7	19	27	54	64	78	86	0
48	15/06/2005	6	57	58	66	76	80	72	0
47	11/06/2005	22	35	36	44	74	75	58	0
46	08/06/2005	6	8	28	29	32	73	59	0
45	04/06/2005	15	18	35	55	64	88	50	0
44	01/06/2005	3	7	11	35	69	85	19	0
43	28/05/2005	2	3	10	15	31	61	37	0
42	25/05/2005	17	19	35	39	40	51	72	0
41	21/05/2005	4	15	25	39	45	79	50	0
40	18/05/2005	5	9	23	40	57	68	66	0
39	14/05/2005	6	16	44	45	89	90	82	0
38	11/05/2005	5	55	68	69	70	76	14	0
37	07/05/2005	6	11	21	30	58	63	5	0
36	04/05/2005	1	29	49	53	56	74	67	0
35	30/04/2005	16	31	53	63	70	81	7	0
34	27/04/2005	13	15	19	21	82	86	87	0
33	23/04/2005	1	32	37	68	81	88	74	0
32	20/04/2005	19	47	56	57	70	71	11	0
31	16/04/2005	5	13	20	32	38	59	7	0
30	14/04/2005	1	52	70	73	83	89	56	0
29	09/04/2005	29	30	61	65	73	81	58	0
28	06/04/2005	28	41	56	75	83	90	44	0
27	02/04/2005	7	24	42	49	54	65	44	0
26	30/03/2005	6	55	61	65	78	89	13	0
25	26/03/2005	42	55	59	61	70	73	41	0
24	23/03/2005	11	32	36	52	63	66	26	0
23	19/03/2005	12	33	40	52	53	85	22	0
22	16/03/2005	4	10	18	53	75	80	85	0
21	12/03/2005	2	8	30	74	76	88	37	0
20	09/03/2005	26	31	50	71	85	87	18	0
19	05/03/2005	19	21	36	55	77	87	51	0
18	02/03/2005	15	31	62	68	72	73	25	0
17	26/02/2005	4	23	28	60	64	65	35	0
16	23/02/2005	8	17	36	37	60	65	13	0
15	19/02/2005	22	26	32	38	42	86	85	0
14	16/02/2005	6	8	18	51	80	89	47	0
13	12/02/2005	13	18	24	50	58	66	64	0
12	09/02/2005	23	35	36	51	59	80	53	0
11	05/02/2005	45	60	67	69	70	87	34	0
10	02/02/2005	28	32	46	49	85	87	52	0
9	29/01/2005	1	16	18	43	47	78	59	0
8	26/01/2005	1	22	24	44	47	79	43	0
7	22/01/2005	15	45	62	63	80	82	44	0
6	19/01/2005	7	43	46	70	77	89	38	0
5	15/01/2005	14	31	34	78	89	90	55	0
4	12/01/2005	2	12	16	20	24	79	83	0
3	08/01/2005	11	25	63	72	76	87	59	0
2	05/01/2005	51	53	63	75	76	87	46	0
1	03/01/2005	10	21	22	43	61	66	47	0
104	29/12/2004	2	24	49	56	76	78	44	0
103	27/12/2004	41	59	68	72	74	87	12	0
102	22/12/2004	14	15	54	77	80	82	55	0
101	18/12/2004	11	23	47	48	80	87	89	0
100	15/12/2004	3	4	15	21	61	67	55	0
99	11/12/2004	8	41	60	70	73	85	55	0
98	09/12/2004	6	8	15	18	33	75	87	0
97	04/12/2004	20	24	38	42	44	79	50	0
96	01/12/2004	3	41	64	65	74	90	80	0
95	28/11/2004	27	35	54	61	83	89	57	0
94	24/11/2004	43	45	46	47	69	90	21	0
93	20/11/2004	29	30	38	54	66	78	80	0
92	17/11/2004	19	21	27	47	59	88	29	0
91	13/11/2004	2	21	33	38	45	46	54	0
90	10/11/2004	15	51	63	79	83	90	64	0
89	06/11/2004	13	18	21	31	41	56	33	0
88	03/11/2004	24	35	39	60	72	75	20	0
87	30/10/2004	4	13	19	30	53	81	42	0
86	27/10/2004	10	14	17	56	65	84	25	0
85	23/10/2004	12	40	51	68	73	77	69	0
84	20/10/2004	13	33	47	48	70	85	7	0
83	16/10/2004	12	14	27	35	73	88	66	0
82	13/10/2004	19	44	57	69	71	87	65	0
81	09/10/2004	7	32	44	47	65	79	48	0
80	06/10/2004	3	11	19	28	52	87	72	0
79	02/10/2004	9	37	41	46	65	79	83	0
78	29/09/2004	2	11	22	25	60	78	74	0
77	25/09/2004	2	49	56	76	86	89	10	0
76	22/09/2004	11	67	72	74	75	77	44	0
75	18/09/2004	2	21	24	27	42	68	63	0
74	15/09/2004	8	36	49	59	70	87	73	0
73	11/09/2004	16	20	43	77	78	84	42	0
72	08/09/2004	41	43	53	65	67	80	77	0
71	04/09/2004	35	37	41	43	51	88	2	0
70	01/09/2004	5	15	66	67	82	84	64	0
69	28/08/2004	18	35	50	57	67	72	16	0
68	25/08/2004	1	27	37	42	53	61	70	0
67	21/08/2004	32	42	55	74	78	88	71	0
66	18/08/2004	4	19	51	57	66	89	78	0
65	14/08/2004	29	40	52	59	71	84	60	0
64	11/08/2004	6	42	43	46	53	70	35	0
63	07/08/2004	8	29	38	53	77	80	27	0
62	04/08/2004	12	17	27	44	72	90	11	0
61	31/07/2004	17	29	63	66	70	89	82	0
60	28/07/2004	2	13	22	53	60	85	16	0
59	24/07/2004	5	17	18	27	33	47	80	0
58	21/07/2004	8	13	31	42	58	88	46	0
57	17/07/2004	29	53	54	72	76	90	20	0
56	14/07/2004	8	18	26	36	41	52	90	0
55	10/07/2004	13	30	47	66	74	81	70	0
54	07/07/2004	14	23	29	44	48	74	73	0
53	03/07/2004	14	18	22	27	39	58	43	0
52	30/06/2004	10	22	34	43	62	68	40	0
51	26/06/2004	18	37	40	45	54	56	57	0
50	23/06/2004	11	15	58	66	74	79	3	0
49	19/06/2004	4	8	11	36	55	83	49	0
48	16/06/2004	20	55	59	73	87	90	40	0
47	12/06/2004	38	44	46	55	67	85	29	0
46	09/06/2004	1	2	26	31	42	64	11	0
45	05/06/2004	29	34	37	55	62	78	24	0
44	03/06/2004	13	16	42	61	63	81	10	0
43	29/05/2004	1	5	16	60	84	86	57	0
42	26/05/2004	26	65	73	76	81	90	13	0
41	22/05/2004	14	33	35	46	50	66	44	0
40	19/05/2004	9	22	36	47	69	85	78	0
39	15/05/2004	14	46	49	60	77	86	33	0
38	12/05/2004	13	14	40	66	79	85	80	0
37	08/05/2004	3	34	62	63	72	73	15	0
36	05/05/2004	2	22	37	46	57	74	63	0
35	03/05/2004	2	7	24	56	82	85	62	0
34	28/04/2004	35	42	60	88	89	90	86	0
33	24/04/2004	7	19	27	51	63	86	62	0
32	21/04/2004	29	61	62	69	80	85	5	0
31	17/04/2004	3	14	50	59	82	84	2	0
30	14/04/2004	24	51	64	69	71	77	63	0
29	10/04/2004	3	9	41	69	74	79	89	0
28	07/04/2004	4	16	17	52	62	67	49	0
27	03/04/2004	6	7	13	35	56	87	48	0
26	31/03/2004	32	40	45	47	56	71	64	0
25	27/03/2004	4	15	39	41	49	68	34	0
24	24/03/2004	24	50	58	69	87	88	3	0
23	20/03/2004	21	41	60	69	71	83	65	0
22	17/03/2004	5	17	53	56	61	83	86	0
21	13/03/2004	4	8	12	44	77	88	71	0
20	10/03/2004	30	52	55	65	71	80	39	0
19	06/03/2004	8	19	25	49	50	54	40	0
18	03/03/2004	12	23	52	69	75	85	43	0
17	28/02/2004	11	29	60	61	82	84	33	0
16	25/02/2004	66	72	76	77	81	85	82	0
15	21/02/2004	4	13	18	58	71	84	3	0
14	18/02/2004	12	20	55	79	81	82	2	0
13	14/02/2004	17	35	41	81	82	86	13	0
12	11/02/2004	12	19	38	43	52	85	33	0
11	07/02/2004	17	24	34	59	72	82	40	0
10	04/02/2004	11	30	51	54	88	90	2	0
9	31/01/2004	4	11	26	53	63	66	8	0
8	28/01/2004	7	41	48	54	72	88	12	0
7	24/01/2004	22	27	48	52	81	83	43	0
6	21/01/2004	3	36	53	64	80	90	4	0
5	17/01/2004	4	6	19	40	60	79	89	0
4	14/01/2004	5	15	59	65	70	82	14	0
3	10/01/2004	15	25	26	32	51	61	63	0
2	07/01/2004	2	33	41	56	62	74	14	0
1	03/01/2004	29	32	36	72	77	82	20	0
105	31/12/2003	3	15	31	36	43	82	57	0
104	27/12/2003	7	19	37	51	53	74	77	0
103	24/12/2003	3	19	33	36	72	84	54	0
102	20/12/2003	3	36	40	42	54	59	64	0
101	17/12/2003	1	3	42	48	73	83	4	0
100	13/12/2003	20	48	50	58	65	78	62	0
99	10/12/2003	6	37	62	73	79	90	48	0
98	06/12/2003	1	2	18	27	43	47	78	0
97	03/12/2003	7	20	29	55	71	81	59	0
96	29/11/2003	38	50	63	65	84	88	26	0
95	26/11/2003	46	66	68	70	78	79	54	0
94	22/11/2003	3	27	54	65	81	83	58	0
93	19/11/2003	2	11	23	31	40	86	29	0
92	15/11/2003	35	54	78	81	86	88	50	0
91	12/11/2003	18	29	32	55	79	82	52	0
90	08/11/2003	7	30	43	52	57	82	75	0
89	05/11/2003	13	14	24	29	73	79	46	0
88	03/11/2003	9	25	37	73	80	81	13	0
87	29/10/2003	2	12	20	52	54	63	69	0
86	25/10/2003	49	54	55	62	66	88	12	0
85	22/10/2003	14	15	64	76	80	86	81	0
84	18/10/2003	1	4	14	41	44	82	30	0
83	15/10/2003	11	26	30	34	43	73	40	0
82	11/10/2003	13	16	25	45	47	55	22	0
81	08/10/2003	1	8	26	41	70	84	2	0
80	04/10/2003	22	62	68	73	75	87	47	0
79	01/10/2003	17	55	66	81	86	89	19	0
78	27/09/2003	17	52	55	65	82	90	85	0
77	24/09/2003	3	26	39	41	56	61	82	0
76	20/09/2003	42	44	51	64	65	77	35	0
75	17/09/2003	25	33	64	67	68	73	58	0
74	13/09/2003	1	18	34	39	48	64	8	0
73	10/09/2003	39	50	51	64	72	81	18	0
72	06/09/2003	16	17	49	50	74	81	19	0
71	03/09/2003	18	45	47	56	77	78	52	0
70	30/08/2003	2	5	36	61	86	88	44	0
69	27/08/2003	1	8	22	28	64	77	21	0
68	23/08/2003	6	42	68	70	75	87	73	0
67	20/08/2003	8	9	10	18	42	63	49	0
66	16/08/2003	35	52	55	61	80	83	36	0
65	13/08/2003	9	11	39	44	49	86	47	0
64	09/08/2003	37	48	55	76	87	90	71	0
63	06/08/2003	8	21	24	42	72	73	51	0
62	02/08/2003	12	41	45	51	66	77	40	0
61	30/07/2003	7	18	46	74	82	90	60	0
60	26/07/2003	3	4	8	28	77	86	68	0
59	23/07/2003	1	10	35	57	67	78	85	0
58	19/07/2003	7	14	27	47	80	87	33	0
57	16/07/2003	15	18	29	37	47	50	22	0
56	12/07/2003	10	11	46	80	83	88	15	0
55	09/07/2003	36	38	39	66	76	83	3	0
54	05/07/2003	50	62	68	70	74	80	22	0
53	02/07/2003	9	13	16	17	34	57	37	0
52	28/06/2003	14	18	34	48	49	74	4	0
51	25/06/2003	1	9	40	59	73	74	70	0
50	21/06/2003	7	19	39	45	48	86	90	0
49	18/06/2003	2	12	26	30	65	74	39	0
48	14/06/2003	6	25	46	59	71	83	61	0
47	11/06/2003	7	32	40	43	47	87	5	0
46	07/06/2003	15	37	38	57	76	87	30	0
45	04/06/2003	17	29	35	45	76	84	51	0
44	31/05/2003	30	44	47	48	53	56	72	0
43	28/05/2003	40	44	62	76	85	90	10	0
42	24/05/2003	12	35	54	58	61	65	60	0
41	21/05/2003	5	28	48	53	75	88	4	0
40	17/05/2003	5	39	61	75	79	90	38	0
39	14/05/2003	16	21	38	44	67	87	28	0
38	10/05/2003	22	38	46	47	77	86	53	0
37	07/05/2003	1	2	4	19	26	89	6	0
36	03/05/2003	2	6	12	17	19	63	50	0
35	30/04/2003	35	38	60	68	74	86	53	0
34	26/04/2003	10	18	26	39	62	68	86	0
33	23/04/2003	11	21	40	66	68	83	89	0
32	19/04/2003	11	26	45	53	69	75	64	0
31	16/04/2003	15	22	37	64	88	90	26	0
30	12/04/2003	4	61	63	79	84	85	3	0
29	09/04/2003	4	14	16	44	76	77	15	0
28	05/04/2003	12	18	47	63	75	81	60	0
27	02/04/2003	27	28	40	63	67	78	83	0
26	29/03/2003	1	31	54	80	81	85	26	0
25	26/03/2003	15	37	43	51	61	89	79	0
24	22/03/2003	32	34	37	49	52	68	71	0
23	19/03/2003	1	17	46	58	67	75	41	0
22	15/03/2003	23	27	43	56	71	75	58	0
21	12/03/2003	5	27	30	58	78	82	68	0
20	08/03/2003	8	27	34	42	83	88	24	0
19	05/03/2003	29	40	57	67	76	79	87	0
18	01/03/2003	8	12	27	72	80	84	19	0
17	26/02/2003	1	41	48	49	84	87	80	0
16	22/02/2003	17	41	45	81	82	88	39	0
15	19/02/2003	12	19	51	61	62	90	1	0
14	15/02/2003	3	9	12	36	71	85	8	0
13	12/02/2003	14	22	24	34	60	85	61	0
12	08/02/2003	3	14	31	32	64	79	50	0
11	05/02/2003	12	18	54	71	80	85	24	0
10	01/02/2003	14	24	40	56	81	90	20	0
9	29/01/2003	5	11	22	27	36	90	84	0
8	25/01/2003	33	37	41	56	65	82	10	0
7	22/01/2003	51	57	58	69	86	89	7	0
6	18/01/2003	50	62	70	75	82	90	74	0
5	15/01/2003	2	46	49	56	82	84	37	0
4	11/01/2003	11	12	27	39	67	90	34	0
3	08/01/2003	5	26	49	50	73	90	65	0
2	04/01/2003	16	17	26	28	37	85	55	0
1	02/01/2003	6	18	34	43	58	80	8	0
109	31/12/2002	24	31	37	45	71	81	72	0
108	28/12/2002	14	17	62	75	76	85	35	0
107	27/12/2002	33	41	49	50	73	87	27	0
106	24/12/2002	1	3	6	42	81	83	87	0
105	21/12/2002	2	27	52	65	70	82	90	0
104	19/12/2002	18	27	49	59	81	88	17	0
103	17/12/2002	5	27	30	31	34	86	87	0
102	14/12/2002	14	35	36	47	58	69	89	0
101	12/12/2002	3	8	21	33	46	86	37	0
100	10/12/2002	22	31	63	76	78	79	58	0
99	07/12/2002	6	17	23	55	56	68	41	0
98	05/12/2002	14	17	21	31	33	69	78	0
97	03/12/2002	4	5	11	26	34	36	72	0
96	30/11/2002	17	34	35	56	65	85	61	0
95	27/11/2002	10	16	20	26	48	56	63	0
94	23/11/2002	14	42	68	69	80	85	54	0
93	20/11/2002	18	26	44	51	63	90	68	0
92	16/11/2002	5	11	23	47	58	60	8	0
91	13/11/2002	5	44	45	53	73	89	41	0
90	09/11/2002	12	34	39	52	61	83	7	0
89	06/11/2002	11	13	25	59	61	87	77	0
88	02/11/2002	1	15	22	33	42	80	53	0
87	30/10/2002	13	15	36	78	82	86	67	0
86	26/10/2002	27	70	73	84	88	90	4	0
85	23/10/2002	40	43	46	57	77	82	47	0
84	19/10/2002	10	21	23	35	55	89	53	0
83	16/10/2002	10	27	37	57	66	78	9	0
82	12/10/2002	1	2	8	12	48	66	28	0
81	09/10/2002	21	22	52	59	65	76	40	0
80	05/10/2002	9	15	25	40	44	71	84	0
79	02/10/2002	14	18	54	63	70	87	74	0
78	28/09/2002	34	56	61	62	70	77	59	0
77	25/09/2002	23	50	54	56	78	83	65	0
76	21/09/2002	1	10	16	51	76	89	49	0
75	18/09/2002	11	18	55	77	81	85	58	0
74	14/09/2002	20	23	30	44	78	88	56	0
73	11/09/2002	16	23	55	83	86	89	9	0
72	07/09/2002	16	51	57	64	72	90	63	0
71	04/09/2002	10	41	52	53	61	88	89	0
70	31/08/2002	21	28	29	36	45	54	5	0
69	28/08/2002	1	7	42	49	77	88	46	0
68	24/08/2002	8	25	26	38	66	79	49	0
67	21/08/2002	17	23	33	44	46	69	7	0
66	17/08/2002	15	30	33	35	87	88	90	0
65	14/08/2002	5	7	20	25	38	59	63	0
64	10/08/2002	16	29	32	40	48	70	38	0
63	07/08/2002	7	8	53	72	82	84	22	0
62	03/08/2002	23	26	32	52	71	75	35	0
61	31/07/2002	8	12	36	62	68	81	51	0
60	27/07/2002	11	20	24	31	40	49	88	0
59	24/07/2002	5	17	44	62	80	88	69	0
58	20/07/2002	11	19	57	63	84	89	35	0
57	17/07/2002	17	20	44	57	71	76	14	0
56	13/07/2002	21	38	63	70	71	83	7	0
55	10/07/2002	19	37	50	73	75	85	61	0
54	06/07/2002	3	15	28	76	83	86	56	0
53	03/07/2002	14	21	34	37	66	73	74	0
52	29/06/2002	1	4	50	66	69	77	42	0
51	26/06/2002	9	11	17	38	81	88	46	0
50	22/06/2002	16	37	42	46	60	64	11	0
49	19/06/2002	22	24	30	58	60	89	26	0
48	15/06/2002	8	16	33	64	71	86	90	0
47	12/06/2002	37	51	58	62	63	86	78	0
46	08/06/2002	1	38	70	75	83	86	52	0
45	05/06/2002	4	41	43	51	85	89	64	0
44	01/06/2002	38	50	58	80	85	90	84	0
43	29/05/2002	21	36	38	72	79	82	25	0
42	25/05/2002	40	46	49	62	77	88	2	0
41	22/05/2002	12	26	27	42	66	89	41	0
40	18/05/2002	13	28	31	58	59	79	45	0
39	15/05/2002	23	26	34	35	71	84	53	0
38	11/05/2002	10	17	51	54	62	65	81	0
37	08/05/2002	25	55	57	67	69	86	2	0
36	04/05/2002	1	6	60	61	69	86	3	0
35	02/05/2002	7	15	17	26	36	54	10	0
34	27/04/2002	21	37	41	45	60	71	23	0
33	24/04/2002	27	42	45	62	74	87	2	0
32	20/04/2002	19	42	45	51	62	88	18	0
31	17/04/2002	24	27	35	43	64	88	8	0
30	13/04/2002	18	21	76	79	80	84	57	0
29	10/04/2002	2	28	43	57	79	90	15	0
28	06/04/2002	19	23	29	44	69	89	60	0
27	03/04/2002	15	37	40	47	64	81	49	0
26	30/03/2002	30	56	57	73	82	84	41	0
25	27/03/2002	3	11	16	38	69	82	17	0
24	23/03/2002	1	29	35	38	45	51	86	0
23	20/03/2002	15	35	42	45	55	77	43	0
22	16/03/2002	5	30	34	50	82	84	28	0
21	13/03/2002	20	40	64	68	76	90	59	0
20	09/03/2002	44	56	57	76	86	88	19	0
19	06/03/2002	5	6	32	61	67	85	35	0
18	02/03/2002	19	26	28	45	86	88	79	0
17	27/02/2002	29	33	40	47	54	87	27	0
16	23/02/2002	14	17	56	59	69	88	13	0
15	20/02/2002	1	61	66	70	78	81	85	0
14	16/02/2002	6	36	37	59	61	62	38	0
13	13/02/2002	14	39	53	55	73	87	3	0
12	09/02/2002	9	35	45	77	85	87	72	0
11	06/02/2002	29	37	53	62	79	85	51	0
10	02/02/2002	21	28	60	68	71	88	89	0
9	30/01/2002	3	6	34	49	79	83	32	0
8	26/01/2002	25	33	41	51	66	76	28	0
7	23/01/2002	12	41	52	55	84	85	45	0
6	19/01/2002	15	19	30	46	47	71	72	0
5	16/01/2002	3	13	20	35	46	58	71	0
4	12/01/2002	12	26	45	75	82	84	33	0
3	09/01/2002	15	30	37	52	61	87	10	0
2	05/01/2002	50	52	54	76	77	86	64	0
1	02/01/2002	23	31	33	39	74	84	45	0
105	31/12/2001	41	51	54	63	66	69	35	0
104	29/12/2001	24	26	49	53	68	83	29	0
103	27/12/2001	20	21	26	53	80	90	4	0
102	22/12/2001	3	21	32	48	59	68	18	0
101	19/12/2001	19	25	49	53	81	84	64	0
100	15/12/2001	1	14	68	70	75	83	89	0
99	12/12/2001	4	14	20	61	75	78	56	0
98	10/12/2001	5	19	40	51	85	87	88	0
97	05/12/2001	14	32	47	48	63	79	46	0
96	01/12/2001	32	48	50	55	58	86	4	0
95	28/11/2001	21	32	35	40	66	83	50	0
94	24/11/2001	6	7	16	51	62	83	36	0
93	21/11/2001	14	53	55	65	83	87	74	0
92	17/11/2001	1	7	10	23	66	88	18	0
91	14/11/2001	3	4	16	36	74	89	40	0
90	10/11/2001	1	34	42	50	70	72	11	0
89	07/11/2001	8	10	23	35	40	46	9	0
88	03/11/2001	7	24	30	59	66	89	74	0
87	31/10/2001	5	11	17	21	28	63	50	0
86	27/10/2001	25	32	36	46	57	58	73	0
85	24/10/2001	12	23	48	70	85	86	78	0
84	20/10/2001	16	19	20	30	31	47	83	0
83	17/10/2001	18	49	60	64	80	84	79	0
82	13/10/2001	13	28	45	58	70	86	60	0
81	10/10/2001	14	35	37	52	66	72	12	0
80	06/10/2001	3	11	43	50	85	88	45	0
79	03/10/2001	14	42	45	49	71	86	72	0
78	29/09/2001	3	4	7	55	61	77	75	0
77	26/09/2001	14	62	69	70	86	88	9	0
76	22/09/2001	22	26	27	28	72	73	1	0
75	19/09/2001	10	21	30	45	55	57	64	0
74	15/09/2001	2	14	38	53	56	71	48	0
73	12/09/2001	3	5	10	32	44	75	49	0
72	08/09/2001	12	25	49	53	67	73	37	0
71	05/09/2001	8	43	53	69	74	79	75	0
70	01/09/2001	10	11	16	45	46	55	31	0
69	29/08/2001	5	11	44	57	86	90	39	0
68	25/08/2001	1	9	27	36	68	70	85	0
67	22/08/2001	10	12	38	57	72	84	11	0
66	18/08/2001	6	7	14	53	54	85	3	0
65	16/08/2001	7	58	61	62	73	74	79	0
64	11/08/2001	21	25	31	44	49	52	61	0
63	08/08/2001	1	8	14	27	83	87	5	0
62	04/08/2001	5	22	49	63	65	66	76	0
61	01/08/2001	5	39	43	53	63	82	33	0
60	28/07/2001	27	31	34	47	58	75	62	0
59	25/07/2001	39	56	64	75	76	90	53	0
58	21/07/2001	3	9	35	65	80	84	26	0
57	18/07/2001	4	22	37	43	63	80	46	0
56	14/07/2001	1	31	44	59	64	77	53	0
55	11/07/2001	7	10	23	33	68	85	30	0
54	07/07/2001	10	50	53	78	82	86	90	0
53	04/07/2001	13	29	40	61	73	81	4	0
52	30/06/2001	22	31	45	68	84	88	54	0
51	27/06/2001	16	20	27	31	32	77	14	0
50	23/06/2001	4	15	22	34	77	87	81	0
49	20/06/2001	25	32	34	54	64	83	56	0
48	16/06/2001	7	12	19	21	60	81	4	0
47	13/06/2001	58	61	70	78	84	87	83	0
46	09/06/2001	4	18	24	29	41	59	40	0
45	06/06/2001	7	18	44	48	51	63	73	0
44	04/06/2001	36	48	70	77	82	88	37	0
43	30/05/2001	11	18	42	44	45	83	7	0
42	26/05/2001	5	26	37	43	45	64	54	0
41	23/05/2001	8	39	55	56	57	63	45	0
40	19/05/2001	6	36	52	68	80	81	87	0
39	16/05/2001	13	15	18	49	65	73	67	0
38	12/05/2001	3	32	37	42	43	89	57	0
37	09/05/2001	7	30	47	76	83	89	11	0
36	05/05/2001	9	22	26	67	71	89	36	0
35	02/05/2001	2	45	59	70	75	82	26	0
34	28/04/2001	2	14	32	43	44	55	12	0
33	26/04/2001	4	22	27	45	58	86	55	0
32	21/04/2001	2	7	12	31	38	71	63	0
31	18/04/2001	10	26	32	41	42	54	31	0
30	14/04/2001	10	11	64	74	82	88	33	0
29	11/04/2001	11	41	52	71	81	89	38	0
28	07/04/2001	5	12	40	61	63	88	31	0
27	04/04/2001	2	23	48	57	63	89	11	0
26	31/03/2001	12	14	17	32	50	58	13	0
25	28/03/2001	11	39	63	64	74	88	28	0
24	24/03/2001	2	8	24	36	80	84	79	0
23	21/03/2001	39	43	56	61	65	81	28	0
22	17/03/2001	8	19	46	49	73	85	72	0
21	14/03/2001	28	35	36	62	66	70	67	0
20	10/03/2001	18	39	61	68	74	75	22	0
19	07/03/2001	32	34	40	45	65	71	89	0
18	03/03/2001	5	13	18	40	51	56	82	0
17	28/02/2001	33	43	59	77	83	86	12	0
16	24/02/2001	25	26	75	78	79	80	56	0
15	21/02/2001	6	28	46	55	56	62	64	0
14	17/02/2001	9	17	30	37	40	46	74	0
13	14/02/2001	15	22	38	62	83	86	57	0
12	10/02/2001	4	36	41	49	56	82	62	0
11	07/02/2001	4	23	56	63	71	89	84	0
10	03/02/2001	2	8	13	39	47	89	33	0
9	31/01/2001	28	46	65	70	77	86	53	0
8	27/01/2001	2	6	18	20	49	83	15	0
7	24/01/2001	29	42	56	65	80	90	78	0
6	20/01/2001	14	25	28	42	82	90	31	0
5	17/01/2001	16	22	35	41	53	62	71	0
4	13/01/2001	44	50	57	81	83	90	5	0
3	10/01/2001	8	14	30	31	35	76	75	0
2	08/01/2001	16	19	61	69	72	84	59	0
1	03/01/2001	15	25	26	33	41	62	51	0
105	30/12/2000	1	8	26	33	47	70	72	0
104	27/12/2000	1	5	14	20	39	58	76	0
103	23/12/2000	11	33	59	68	84	85	62	0
102	20/12/2000	26	36	43	47	64	90	23	0
101	16/12/2000	23	33	36	55	76	79	44	0
100	13/12/2000	8	54	62	63	66	84	45	0
99	09/12/2000	39	55	62	77	82	88	78	0
98	06/12/2000	9	16	48	70	75	77	64	0
97	02/12/2000	6	11	17	18	20	59	55	0
96	29/11/2000	13	17	29	32	35	49	56	0
95	25/11/2000	3	14	49	52	65	81	42	0
94	22/11/2000	14	25	39	50	72	89	59	0
93	18/11/2000	3	21	42	49	64	85	66	0
92	15/11/2000	1	25	26	28	53	79	73	0
91	11/11/2000	9	27	45	66	68	71	83	0
90	08/11/2000	22	42	50	53	78	83	40	0
89	04/11/2000	19	21	28	50	53	62	64	0
88	02/11/2000	2	55	76	78	81	85	71	0
87	28/10/2000	6	21	29	43	80	89	5	0
86	25/10/2000	2	38	39	41	61	76	21	0
85	21/10/2000	1	10	23	40	68	75	14	0
84	18/10/2000	15	33	41	48	52	56	82	0
83	14/10/2000	24	35	37	63	81	85	25	0
82	11/10/2000	11	54	64	70	73	77	66	0
81	07/10/2000	8	10	16	21	39	65	2	0
80	04/10/2000	2	3	15	16	24	67	7	0
79	30/09/2000	25	35	52	55	60	68	75	0
78	27/09/2000	5	48	71	84	85	87	22	0
77	23/09/2000	12	51	56	73	85	88	25	0
76	20/09/2000	12	14	29	49	62	82	79	0
75	16/09/2000	8	9	17	37	49	86	30	0
74	13/09/2000	1	45	48	69	70	89	26	0
73	09/09/2000	3	6	10	26	43	72	89	0
72	06/09/2000	7	11	48	49	64	72	8	0
71	02/09/2000	28	44	49	57	64	89	87	0
70	30/08/2000	8	16	59	61	78	90	45	0
69	26/08/2000	4	14	15	19	76	85	89	0
68	23/08/2000	11	13	20	41	76	89	29	0
67	19/08/2000	5	30	32	35	55	87	86	0
66	16/08/2000	14	21	27	49	82	83	36	0
65	12/08/2000	9	19	52	68	70	74	88	0
64	09/08/2000	18	36	47	62	75	80	41	0
63	05/08/2000	23	36	56	78	80	83	40	0
62	02/08/2000	4	39	56	59	65	78	61	0
61	29/07/2000	29	31	56	57	76	79	43	0
60	26/07/2000	3	37	40	49	53	83	44	0
59	22/07/2000	10	13	42	54	66	81	1	0
58	19/07/2000	6	37	53	60	66	72	26	0
57	15/07/2000	5	18	24	51	55	74	17	0
56	12/07/2000	11	15	16	43	49	84	48	0
55	08/07/2000	4	6	8	41	76	80	60	0
54	05/07/2000	12	34	35	50	63	88	69	0
53	01/07/2000	19	39	43	48	62	76	5	0
52	28/06/2000	3	17	18	41	63	89	48	0
51	24/06/2000	1	28	52	53	63	77	11	0
50	21/06/2000	12	15	34	43	55	75	70	0
49	17/06/2000	29	32	35	49	69	71	70	0
48	14/06/2000	15	25	50	64	80	89	72	0
47	10/06/2000	3	16	37	56	58	79	18	0
46	07/06/2000	2	4	23	38	53	59	17	0
45	03/06/2000	6	17	31	33	43	66	78	0
44	31/05/2000	4	8	19	39	63	70	66	0
43	27/05/2000	3	25	39	50	53	67	51	0
42	24/05/2000	8	10	22	72	87	90	39	0
41	20/05/2000	19	32	41	42	67	77	79	0
40	17/05/2000	11	14	19	32	78	89	9	0
39	13/05/2000	32	38	40	59	62	79	2	0
38	10/05/2000	9	12	19	39	82	86	69	0
37	06/05/2000	23	26	34	56	66	85	44	0
36	03/05/2000	1	13	37	53	62	71	9	0
35	29/04/2000	8	42	45	59	68	88	9	0
34	26/04/2000	17	51	67	70	82	86	49	0
33	22/04/2000	24	35	39	48	82	85	66	0
32	19/04/2000	5	53	64	74	77	88	78	0
31	15/04/2000	2	27	33	47	53	86	65	0
30	12/04/2000	18	24	45	58	62	80	4	0
29	08/04/2000	3	12	26	47	54	87	90	0
28	05/04/2000	10	17	33	38	67	71	73	0
27	01/04/2000	3	9	30	58	60	88	37	0
26	29/03/2000	1	6	12	26	57	70	28	0
25	25/03/2000	15	27	47	51	62	63	20	0
24	22/03/2000	2	19	22	57	65	89	61	0
23	18/03/2000	8	58	76	81	85	87	65	0
22	15/03/2000	8	17	35	61	78	89	9	0
21	11/03/2000	28	42	46	56	74	87	43	0
20	08/03/2000	4	13	15	20	32	41	28	0
19	04/03/2000	7	19	29	33	40	88	80	0
18	01/03/2000	27	32	37	70	82	88	52	0
17	26/02/2000	4	35	48	57	69	90	34	0
16	23/02/2000	44	53	61	65	86	89	49	0
15	19/02/2000	25	28	37	51	54	81	4	0
14	16/02/2000	8	27	39	51	54	90	71	0
13	12/02/2000	4	33	67	71	81	82	72	0
12	09/02/2000	6	36	49	51	52	76	35	0
11	05/02/2000	17	48	52	64	86	87	60	0
10	02/02/2000	12	13	28	30	47	63	35	0
9	29/01/2000	55	65	68	70	73	80	89	0
8	26/01/2000	2	57	62	63	73	87	55	0
7	22/01/2000	15	21	55	60	70	90	34	0
6	19/01/2000	20	29	39	54	57	71	28	0
5	15/01/2000	11	21	22	50	59	63	42	0
4	12/01/2000	3	15	48	74	76	81	34	0
3	08/01/2000	6	15	47	71	75	86	78	0
2	05/01/2000	2	13	31	37	38	82	39	0
1	03/01/2000	17	38	48	51	55	62	59	0
104	29/12/1999	14	15	20	42	70	88	28	0
103	27/12/1999	20	21	63	71	75	79	15	0
102	22/12/1999	6	9	32	47	59	60	83	0
101	18/12/1999	13	42	57	61	63	82	45	0
100	15/12/1999	18	21	28	35	41	85	66	0
99	11/12/1999	6	27	50	57	77	80	22	0
98	09/12/1999	20	32	37	44	75	88	72	0
97	04/12/1999	13	39	62	63	66	76	11	0
96	01/12/1999	1	13	24	39	44	45	83	0
95	27/11/1999	14	20	57	79	85	88	69	0
94	24/11/1999	12	16	24	48	53	58	85	0
93	20/11/1999	20	31	45	62	76	81	51	0
92	17/11/1999	6	51	73	78	80	81	34	0
91	13/11/1999	3	23	61	82	83	88	64	0
90	10/11/1999	21	45	55	61	73	80	77	0
89	06/11/1999	6	7	37	67	80	87	22	0
88	03/11/1999	19	42	64	68	72	86	45	0
87	30/10/1999	16	21	29	39	70	90	76	0
86	27/10/1999	6	25	34	72	76	82	12	0
85	23/10/1999	24	46	57	73	79	81	77	0
84	20/10/1999	22	26	58	60	67	88	49	0
83	16/10/1999	3	35	45	47	54	70	30	0
82	13/10/1999	6	24	30	34	37	71	82	0
81	09/10/1999	12	35	40	59	78	80	44	0
80	06/10/1999	38	58	61	64	82	87	68	0
79	02/10/1999	6	10	38	48	49	65	61	0
78	29/09/1999	4	16	27	55	67	72	3	0
77	25/09/1999	6	27	37	38	47	79	23	0
76	22/09/1999	1	11	40	50	53	80	68	0
75	18/09/1999	12	15	33	60	79	88	8	0
74	15/09/1999	17	20	27	29	72	73	85	0
73	11/09/1999	25	40	57	59	76	82	55	0
72	08/09/1999	15	38	48	74	75	80	81	0
71	04/09/1999	38	40	41	69	76	81	78	0
70	01/09/1999	5	19	26	32	67	87	65	0
69	28/08/1999	7	12	14	16	24	45	54	0
68	25/08/1999	1	25	28	39	51	89	62	0
67	21/08/1999	1	32	37	63	67	69	90	0
66	18/08/1999	13	16	51	56	65	67	35	0
65	14/08/1999	45	64	73	80	81	85	11	0
64	11/08/1999	10	19	24	29	42	67	39	0
63	07/08/1999	4	16	29	58	69	88	54	0
62	04/08/1999	12	23	46	54	78	90	85	0
61	31/07/1999	5	34	44	73	77	83	65	0
60	28/07/1999	13	64	68	84	89	90	85	0
59	24/07/1999	13	16	23	52	67	78	76	0
58	21/07/1999	11	19	26	58	67	89	1	0
57	17/07/1999	5	22	35	38	74	82	36	0
56	14/07/1999	4	48	60	63	84	88	62	0
55	10/07/1999	1	4	42	67	75	77	31	0
54	07/07/1999	38	46	63	82	83	87	1	0
53	03/07/1999	3	6	7	53	65	90	14	0
52	30/06/1999	13	22	44	74	77	87	76	0
51	26/06/1999	8	19	23	37	65	77	48	0
50	23/06/1999	31	36	37	71	86	90	13	0
49	19/06/1999	13	23	31	58	67	68	22	0
48	16/06/1999	5	20	29	41	56	86	81	0
47	12/06/1999	32	35	57	74	79	84	70	0
46	09/06/1999	16	32	35	45	72	77	6	0
45	05/06/1999	9	36	52	76	77	90	54	0
44	02/06/1999	2	16	17	65	69	72	60	0
43	29/05/1999	10	34	44	49	62	79	47	0
42	26/05/1999	3	4	13	16	59	70	22	0
41	22/05/1999	3	28	38	43	73	75	1	0
40	19/05/1999	10	23	35	64	74	90	52	0
39	15/05/1999	7	33	54	72	73	90	24	0
38	12/05/1999	3	7	10	37	57	86	49	0
37	08/05/1999	11	14	15	30	68	81	82	0
36	05/05/1999	3	10	28	71	81	88	84	0
35	03/05/1999	8	49	50	65	66	69	75	0
34	28/04/1999	1	51	53	55	73	86	41	0
33	24/04/1999	20	22	33	44	50	74	60	0
32	21/04/1999	20	53	55	61	64	74	46	0
31	17/04/1999	4	6	25	32	73	83	64	0
30	14/04/1999	34	63	70	77	83	90	43	0
29	10/04/1999	4	11	14	17	25	32	61	0
28	07/04/1999	13	27	40	46	70	84	28	0
27	03/04/1999	33	41	47	48	60	80	17	0
26	31/03/1999	25	60	64	71	75	85	18	0
25	27/03/1999	7	18	27	80	81	83	87	0
24	24/03/1999	4	26	34	61	76	81	67	0
23	20/03/1999	43	71	80	84	88	89	73	0
22	17/03/1999	3	7	14	45	68	70	39	0
21	13/03/1999	6	18	20	34	72	90	17	0
20	10/03/1999	11	20	56	69	72	76	32	0
19	06/03/1999	27	41	44	50	68	73	21	0
18	03/03/1999	40	41	51	62	66	80	77	0
17	27/02/1999	6	7	42	55	75	88	67	0
16	24/02/1999	17	19	32	41	52	87	23	0
15	20/02/1999	4	26	59	63	69	74	86	0
14	17/02/1999	24	45	49	63	78	83	4	0
13	13/02/1999	12	20	23	34	67	87	46	0
12	10/02/1999	4	8	12	17	19	80	84	0
11	06/02/1999	9	10	26	30	44	54	62	0
10	03/02/1999	45	67	70	80	81	89	3	0
9	30/01/1999	14	20	40	58	68	84	88	0
8	27/01/1999	8	48	65	72	83	88	67	0
7	23/01/1999	36	45	46	47	74	75	69	0
6	20/01/1999	1	43	45	48	51	56	18	0
5	16/01/1999	7	9	12	37	86	90	87	0
4	13/01/1999	18	23	45	51	61	86	29	0
3	09/01/1999	1	6	13	23	53	77	20	0
2	07/01/1999	34	43	44	45	53	58	64	0
1	02/01/1999	10	12	54	58	72	88	23	0
104	30/12/1998	30	36	45	49	63	89	46	0
103	28/12/1998	14	43	46	65	71	82	22	0
102	23/12/1998	3	9	14	26	47	79	81	0
101	19/12/1998	3	6	13	28	49	50	33	0
100	16/12/1998	22	43	56	71	77	83	35	0
99	12/12/1998	9	37	39	40	42	86	2	0
98	09/12/1998	1	11	42	43	61	81	29	0
97	05/12/1998	27	35	47	48	59	79	77	0
96	02/12/1998	9	23	36	66	67	77	87	0
95	28/11/1998	12	15	40	50	66	88	70	0
94	25/11/1998	32	39	52	56	69	85	53	0
93	21/11/1998	32	36	43	56	66	89	8	0
92	18/11/1998	12	18	43	47	50	83	53	0
91	14/11/1998	6	31	69	70	76	85	44	0
90	11/11/1998	19	38	60	80	81	90	10	0
89	07/11/1998	15	19	25	33	40	68	81	0
88	04/11/1998	6	54	72	75	81	87	55	0
87	31/10/1998	1	21	30	61	73	84	74	0
86	28/10/1998	37	60	64	73	80	84	2	0
85	24/10/1998	4	26	27	74	77	84	20	0
84	21/10/1998	14	39	50	56	72	89	29	0
83	17/10/1998	10	13	50	59	64	78	23	0
82	14/10/1998	15	28	42	55	76	88	74	0
81	10/10/1998	42	43	46	49	52	76	48	0
80	07/10/1998	6	13	17	49	51	83	76	0
79	03/10/1998	2	9	13	34	46	63	85	0
78	30/09/1998	20	34	44	61	74	87	25	0
77	26/09/1998	28	31	40	67	74	90	61	0
76	23/09/1998	7	9	31	41	67	68	22	0
75	19/09/1998	3	33	45	57	78	80	65	0
74	16/09/1998	22	26	29	37	75	76	36	0
73	12/09/1998	14	37	48	55	84	87	23	0
72	09/09/1998	10	25	56	68	71	77	3	0
71	05/09/1998	15	16	20	23	24	87	77	0
70	02/09/1998	1	43	45	48	83	90	14	0
69	29/08/1998	12	19	22	53	72	88	34	0
68	26/08/1998	10	40	66	72	76	80	61	0
67	22/08/1998	10	36	48	63	83	90	32	0
66	19/08/1998	6	15	16	50	62	82	4	0
65	17/08/1998	4	47	53	55	71	73	80	0
64	12/08/1998	31	33	61	77	86	88	16	0
63	08/08/1998	12	27	31	32	57	83	42	0
62	05/08/1998	7	24	40	56	79	85	90	0
61	01/08/1998	5	14	37	38	50	72	90	0
60	29/07/1998	25	60	62	68	83	89	88	0
59	25/07/1998	25	37	54	63	70	76	7	0
58	22/07/1998	56	71	75	78	81	85	8	0
57	18/07/1998	1	36	42	71	72	88	90	0
56	15/07/1998	12	32	48	68	70	85	7	0
55	11/07/1998	15	16	17	57	60	63	28	0
54	08/07/1998	5	20	24	48	78	80	6	0
53	04/07/1998	29	42	49	52	53	67	55	0
52	01/07/1998	25	33	37	47	48	79	29	0
51	27/06/1998	2	16	38	40	44	57	28	0
50	24/06/1998	19	43	59	60	67	79	10	0
49	20/06/1998	20	24	39	63	65	70	36	0
48	17/06/1998	10	16	35	39	64	65	70	0
47	13/06/1998	13	26	30	34	83	86	64	0
46	10/06/1998	5	14	17	38	64	68	83	0
45	06/06/1998	13	18	22	56	67	72	65	0
44	03/06/1998	48	50	80	81	84	87	42	0
43	30/05/1998	4	11	29	34	86	88	59	0
42	27/05/1998	36	48	56	65	71	73	38	0
41	23/05/1998	7	12	24	37	58	81	10	0
40	20/05/1998	5	13	22	25	43	50	45	0
39	16/05/1998	7	19	25	68	71	85	46	0
38	13/05/1998	6	15	41	57	81	83	74	0
37	09/05/1998	5	19	43	44	73	77	39	0
36	06/05/1998	5	28	33	64	81	84	67	0
35	02/05/1998	6	12	23	28	77	79	73	0
34	29/04/1998	15	23	27	29	50	69	54	0
33	27/04/1998	18	36	62	63	76	80	64	0
32	22/04/1998	5	22	40	46	86	87	13	0
31	18/04/1998	17	38	47	56	76	85	26	0
30	15/04/1998	4	5	46	47	73	82	62	0
29	11/04/1998	23	58	64	67	79	81	14	0
28	08/04/1998	4	7	22	27	39	88	14	0
27	04/04/1998	1	7	21	49	84	87	77	0
26	01/04/1998	17	31	42	43	55	72	64	0
25	28/03/1998	16	40	50	58	62	63	5	0
24	25/03/1998	5	6	17	55	62	73	38	0
23	21/03/1998	17	30	38	51	77	80	33	0
22	18/03/1998	1	5	17	38	61	71	70	0
21	14/03/1998	16	33	42	86	88	89	43	0
20	11/03/1998	3	23	25	44	74	89	76	0
19	07/03/1998	2	12	57	62	64	71	56	0
18	04/03/1998	28	36	59	79	84	88	7	0
17	28/02/1998	13	68	75	79	87	88	90	0
16	25/02/1998	1	27	40	81	82	85	6	0
15	21/02/1998	4	19	47	60	73	84	58	0
14	18/02/1998	10	12	29	41	45	50	52	0
13	14/02/1998	37	40	46	51	58	66	84	0
12	11/02/1998	2	15	63	65	68	78	71	0
11	07/02/1998	8	9	23	34	64	89	1	0
10	04/02/1998	18	23	24	35	48	82	38	0
9	31/01/1998	6	13	26	33	34	78	65	0
8	28/01/1998	2	3	49	51	63	79	43	0
7	24/01/1998	3	4	39	43	56	81	82	0
6	21/01/1998	22	25	26	49	59	85	62	0
5	17/01/1998	29	37	49	51	55	74	86	0
4	14/01/1998	16	37	49	52	53	82	57	0
3	10/01/1998	24	33	37	40	60	86	32	0
2	07/01/1998	20	23	24	29	66	73	30	0
1	03/01/1998	2	29	36	72	82	90	71	0
95	31/12/1997	34	36	71	76	86	89	82	0
94	27/12/1997	8	26	35	43	55	67	69	0
93	24/12/1997	13	59	63	75	85	87	52	0
92	20/12/1997	3	27	48	58	78	90	45	0
91	17/12/1997	10	65	77	80	81	86	89	0
90	13/12/1997	5	22	34	61	62	77	58	0
89	10/12/1997	1	2	14	23	78	88	40	0
88	06/12/1997	2	4	25	29	30	52	24	0
87	03/12/1997	20	36	39	41	72	76	88	0